-180.23,-370.,.0,.3048
-182.96,-360.,1.545,.3048
-185.52,-350.,3.026,.3048
-188.53,-349.,4.796,.3048
-193.77,-349.,8.594,.3048
-194.18,-350.,9.946,.3048
-193.61,-350.,11.587,.3048
-192.82,-360.,12.392,.3048
-192.02,-360.,13.197,.3048
-191.77,-361.,13.776,.3048
-189.25,-360.,14.581,.3048
-187.86,-360.,15.385,.3048
-187.39,-357.,15.707,.3048
-186.63,-353.,16.029,.3048
-186.12,-349.,16.383,.3048
-185.38,-345.,16.641,.3048
-185.05,-342.,16.898,.3048
-184.48,-337.,17.252,.3048
-183.80,-331.,17.574,.3048
-183.24,-324.,17.896,.3048
-182.81,-312.,18.218,.3048
-181.73,-300.,18.701,.3048
-181.37,-302.,19.087,.3048
-180.31,-305.,19.473,.3048
-179.63,-305.,19.634,.3048
-179.43,-310.,19.924,.3048
-179.17,-315.,20.085,.3048
-178.35,-314.,20.406,.3048
-177.72,-320.,21.082,.3048
-177.23,-325.,21.082,.3048
-176.38,-340.,21.388,.3048
-175.62,-325.,22.289,.3048
-175.78,-321.,22.515,.3048
-175.43,-318.,22.837,.3048
-175.06,-305.,23.258,.3048
-175.29,-310.,23.448,.3048
-175.36,-321.,23.770,.3048
