7,-.20000,.00070,100.00000
-1000.000,.000
1000.000,.000
45.000,1.940
24.400,2.840
10.175,4.000
.000,4.400
-1000.000,4.400
-1000.000,.000
16,-.20000,.00000,100.00000
-1000.000,.000
1000.000,.000
45.000,1.890
34.200,2.165
33.400,.930
26.790,1.000
26.550,1.440
24.400,1.420
23.400,1.440
23.300,1.200
22.100,1.200
22.000,1.000
21.300,1.200
21.200,1.350
20.250,1.305
.000,1.500
-1000.000,.000
11,-.20000,.00000,100.00000
.000,1.500
20.250,1.305
20.100,1.810
19.800,1.635
19.600,2.000
17.500,2.000
15.200,2.300
14.400,3.200
13.600,3.750
10.175,4.000
8.500,3.650
.000,1.500
5,.09000,-.00040,100.00000
-1000.000,.000
.000,1.500
10.175,4.000
.000,4.400
-1000.000,4.400
-1000.00,.000
12,.12000,.0025,6.00000
15.000,.072
23.575,.080
24.000,.095
29.825,.060
24.000,.245
23.500,.227
23.200,.310
21.800,.220
21.200,.220
20.700,.290
20.000,.280
18.800,.320
15.000,.072
